VE-Nummer;Karton-Nr.;Buchungsdatum;Status;Anwender;Gutmenge;Ausschuss;Fehlerart;Fehlerart-Bez.;Gesamt;Teilenummer;WE-/FA-Nr.;Prod.Zeit(Min.);Rüst.Zeit(Min.);Stillst.Zeit(Min.);Freigabebenutzer;Freigabedatum;Sperrbenutzer;Sperrdatum;Fehlerursache;Fehlerursache-Bez.
21073566;360;20250806213417;Frei;Kowalczyk, Kamil;3000;0;;;3000;1471331;10120154;31.49999999999999999999999999999999999995;0;0;;;;;
21073565;359;20250806210239;Frei;Kowalczyk, Kamil;3000;0;;;3000;1471331;10120154;.4999999999999999999999999999999999999997;0;0;;;;;
21073564;358;20250806210227;Frei;Kowalczyk, Kamil;3000;0;;;3000;1471331;10120154;82.4999999999999999999999999999999999999;0;0;;;;;
21073563;357;20250806193951;Frei;Kowalczyk, Kamil;3000;0;;;3000;1471331;10120154;41.48333333333333333333333333333333333337;0;14.63333333333333333333333333333333333328;;;;;
;;20250806184328;Frei;Kowalczyk, Kamil;0;4300;d68;Maschine - Sammelbehälter;4300;1471331;10120154;7;0;0;;;;;
21073562;356;20250806183607;Frei;Kowalczyk, Kamil;3000;0;;;3000;1471331;10120154;0;0;0;;;;;
21073561;355;20250806183602;Frei;Kowalczyk, Kamil;3000;0;;;3000;1471331;10120154;.4999999999999999999999999999999999999997;0;0;;;;;
21073560;354;20250806183555;Frei;Kowalczyk, Kamil;3000;0;;;3000;1471331;10120154;91.39999999999999999999999999999999999987;0;0;;;;;
21073559;353;20250806162127;Frei;Kowalczyk, Kamil;3000;0;;;3000;1471331;10120154;0;0;0;;;;;
21073558;352;20250806162122;Frei;Kowalczyk, Kamil;3000;0;;;3000;1471331;10120154;0;0;0;;;;;
21073557;351;20250806162116;Frei;Kowalczyk, Kamil;3000;0;;;3000;1471331;10120154;45.49999999999999999999999999999999999997;0;0;;;;;
21073556;350;20250806153218;Frei;Kowalczyk, Kamil;3000;0;;;3000;1471331;10120154;5.5;0;0;;;;;
21073555;349;20250806152642;Frei;Kowalczyk, Kamil;3000;0;;;3000;1471331;10120154;77.60000000000000000000000000000000000001;0;.2999999999999999999999999999999999999995;;;;;
;;20250806133722;Frei;LK17;0;7314;a25;Videokontrolle fehlt/defekt;7314;1471331;10120154;11.23333333333333333333333333333333333333;4.95;0;;;;;
21073554;348;20250806131759;Frei;LK17;3000;0;;;3000;1471331;10120154;20.99999999999999999999999999999999999995;0;0;;;;;
21073553;347;20250806125704;Frei;LK17;3000;0;;;3000;1471331;10120154;2;0;0;;;;;
21073552;346;20250806125528;Frei;LK17;3000;0;;;3000;1471331;10120154;48.49999999999999999999999999999999999992;0;0;;;;;
21073551;345;20250806120657;Frei;LK17;3000;0;;;3000;1471331;10120154;29.86666666666666666666666666666666666661;0;0;;;;;
21073550;344;20250806112547;Frei;LK17;3000;0;;;3000;1471331;10120154;32.49999999999999999999999999999999999995;0;0;;;;;
21073549;343;20250806104438;Frei;LK17;3000;0;;;3000;1471331;10120154;27;0;0;;;;;
21073548;342;20250806101744;Frei;LK17;3000;0;;;3000;1471331;10120154;1.5;0;0;;;;;
21073547;341;20250806101617;Frei;LK17;3000;0;;;3000;1471331;10120154;51.50000000000000000000000000000000000001;0;0;;;;;
21073546;340;20250806092450;Frei;LK17;3000;0;;;3000;1471331;10120154;34.23333333333333333333333333333333333339;0;0;;;;;
21073545;339;20250806084308;Frei;LK17;3000;0;;;3000;1471331;10120154;23.01666666666666666666666666666666666667;0;0;;;;;
21073544;338;20250806075339;Frei;LK17;3000;0;;;3000;1471331;10120154;43.99999999999999999999999999999999999995;0;0;;;;;
21073543;337;20250806070837;Frei;LK17;3000;0;;;3000;1471331;10120154;57.49999999999999999999999999999999999992;0;0;;;;;
21073542;336;20250806060506;Frei;LK17;3000;0;;;3000;1471331;10120154;0;0;0;;;;;
21073541;335;20250806060502;Frei;LK17;3000;0;;;3000;1471331;10120154;26.00000000000000000000000000000000000006;0;0;;;;;
;;20250806053919;Frei;Khan, Abdul Aalla;0;3300;a25;Videokontrolle fehlt/defekt;3300;1471331;10120154;2.5;0;0;;;;;
21073540;334;20250806053636;Frei;Khan, Abdul Aalla;3000;0;;;3000;1471331;10120154;12;0;0;;;;;
21073539;333;20250806052453;Frei;Khan, Abdul Aalla;3000;0;;;3000;1471331;10120154;47.81666666666666666666666666666666666662;0;0;;;;;
21073538;332;20250806043111;Frei;Khan, Abdul Aalla;3000;0;;;3000;1471331;10120154;20.11666666666666666666666666666666666666;5.31666666666666666666666666666666666667;0;;;;;
21073537;331;20250806035105;Frei;LK31;3000;0;;;3000;1471331;10120154;36.49999999999999999999999999999999999995;0;0;;;;;
21073536;330;20250806031452;Frei;Khan, Abdul Aalla;3000;0;;;3000;1471331;10120154;23.49999999999999999999999999999999999994;0;0;;;;;
21073535;329;20250806025059;Frei;Khan, Abdul Aalla;3000;0;;;3000;1471331;10120154;2.7;0;0;;;;;
;;20250806024328;Frei;Khan, Abdul Aalla;0;5330;a25;Videokontrolle fehlt/defekt;5330;1471331;10120154;23.31666666666666666666666666666666666667;0;0;;;;;
21073534;328;20250806015610;Frei;LK31;3000;0;;;3000;1471331;10120154;22.99999999999999999999999999999999999997;0;0;;;;;
21073533;327;20250806013309;Frei;LK31;3000;0;;;3000;1471331;10120154;27.99999999999999999999999999999999999994;0;0;;;;;
21073532;326;20250806010509;Frei;Khan, Abdul Aalla;3000;0;;;3000;1471331;10120154;22.00000000000000000000000000000000000003;0;0;;;;;
21073531;325;20250806004327;Frei;Khan, Abdul Aalla;3000;0;;;3000;1471331;10120154;41.7333333333333333333333333333333333334;0;0;;;;;
21073530;324;20250805235705;Frei;LK31;3000;0;;;3000;1471331;10120154;24.50000000000000000000000000000000000002;0;0;;;;;
21073529;323;20250805233231;Frei;LK31;3000;0;;;3000;1471331;10120154;27.49999999999999999999999999999999999997;0;0;;;;;
21073528;322;20250805230518;Frei;Khan, Abdul Aalla;3000;0;;;3000;1471331;10120154;38.99999999999999999999999999999999999998;0;0;;;;;
21073527;321;20250805222605;Frei;Khan, Abdul Aalla;3000;0;;;3000;1471331;10120154;27.99999999999999999999999999999999999994;0;0;;;;;
21073526;320;20250805215800;Frei;;3000;0;;;3000;1471331;10120154;.4999999999999999999999999999999999999997;0;0;;;;;
;;20250805215749;Frei;;0;2571;d68;Maschine - Sammelbehälter;2571;1471331;10120154;27.49999999999999999999999999999999999997;0;0;;;;;
21073525;319;20250805213017;Frei;Safi, Zafar Khan;3000;0;;;3000;1471331;10120154;36.41666666666666666666666666666666666661;0;0;;;;;
21073524;318;20250805204939;Frei;Safi, Zafar Khan;3000;0;;;3000;1471331;10120154;23.56666666666666666666666666666666666668;8.43333333333333333333333333333333333333;0;;;;;
21073523;317;20250805201741;Frei;Safi, Zafar Khan;3000;0;;;3000;1471331;10120154;10.5;0;0;;;;;
21073522;316;20250805200701;Frei;Safi, Zafar Khan;3000;0;;;3000;1471331;10120154;20.09999999999999999999999999999999999997;0;0;;;;;
21073521;315;20250805193919;Frei;Safi, Zafar Khan;3000;0;;;3000;1471331;10120154;74.49999999999999999999999999999999999984;0;0;;;;;
21073520;314;20250805182431;Frei;Safi, Zafar Khan;3000;0;;;3000;1471331;10120154;109;0;0;;;;;
21073519;313;20250805163556;Frei;Kowalczyk, Kamil;3000;0;;;3000;1471331;10120154;.4999999999999999999999999999999999999997;0;0;;;;;
21073518;312;20250805163502;Frei;Kowalczyk, Kamil;3000;0;;;3000;1471331;10120154;2;0;0;;;;;
21073517;311;20250805163321;Frei;Kowalczyk, Kamil;3000;0;;;3000;1471331;10120154;0;0;0;;;;;
21073516;310;20250805163315;Frei;Kowalczyk, Kamil;3000;0;;;3000;1471331;10120154;53.49999999999999999999999999999999999989;0;0;;;;;
21073515;309;20250805153954;Frei;Kowalczyk, Kamil;3000;0;;;3000;1471331;10120154;0;0;0;;;;;
21073514;308;20250805153949;Frei;Kowalczyk, Kamil;3000;0;;;3000;1471331;10120154;4.5;0;0;;;;;
21073513;307;20250805153510;Frei;Kowalczyk, Kamil;3000;0;;;3000;1471331;10120154;43.49999999999999999999999999999999999995;0;0;;;;;
21073512;306;20250805145138;Frei;Kowalczyk, Kamil;3000;0;;;3000;1471331;10120154;33.81666666666666666666666666666666666664;0;0;;;;;
;;20250805084156;Frei;Khan, Kamran;0;3764;a25;Videokontrolle fehlt/defekt;3764;1471331;10120154;0;0;0;;;;;
21073511;305;20250805082843;Frei;Khan, Kamran;3000;0;;;3000;1471331;10120154;9;0;0;;;;;
21073510;304;20250805081854;Frei;Khan, Kamran;3000;0;;;3000;1471331;10120154;45;0;0;;;;;
21073509;303;20250805073346;Frei;Khan, Kamran;3000;0;;;3000;1471331;10120154;24.7;9.56666666666666666666666666666666666667;0;;;;;
21073508;302;20250805065410;Frei;Khan, Kamran;3000;0;;;3000;1471331;10120154;7;0;0;;;;;
21073507;301;20250805064717;Frei;Khan, Kamran;3000;0;;;3000;1471331;10120154;29.99999999999999999999999999999999999995;0;0;;;;;
21073506;300;20250805061726;Frei;Khan, Kamran;3000;0;;;3000;1471331;10120154;27;0;0;;;;;
;;20250805055014;Frei;Khan, Abdul Aalla;0;2481;a25;Videokontrolle fehlt/defekt;2481;1471331;10120154;10;0;0;;;;;
21073505;299;20250805054020;Frei;Khan, Abdul Aalla;3000;0;;;3000;1471331;10120154;20;0;0;;;;;
21073504;298;20250805052025;Frei;Khan, Abdul Aalla;3000;0;;;3000;1471331;10120154;31.41666666666666666666666666666666666667;0;0;;;;;
21073503;297;20250805044531;Frei;Khan, Abdul Aalla;3000;0;;;3000;1471331;10120154;44.49999999999999999999999999999999999995;0;0;;;;;
21073502;296;20250805035422;Frei;Khan, Abdul Aalla;3000;0;;;3000;1471331;10120154;15.99999999999999999999999999999999999998;0;0;;;;;
;;20250805033804;Frei;Khan, Abdul Aalla;0;4490;a25;Videokontrolle fehlt/defekt;4490;1471331;10120154;1.5;0;0;;;;;
21073501;295;20250805033644;Frei;Khan, Abdul Aalla;3000;0;;;3000;1471331;10120154;32.49999999999999999999999999999999999995;0;0;;;;;
21073500;294;20250805030406;Frei;Khan, Abdul Aalla;3000;0;;;3000;1471331;10120154;2.5;0;0;;;;;
21073499;293;20250805030132;Frei;Khan, Abdul Aalla;3000;0;;;3000;1471331;10120154;26.91666666666666666666666666666666666669;0;0;;;;;
21073498;292;20250805022258;Frei;Khan, Abdul Aalla;3000;0;;;3000;1471331;10120154;19.11666666666666666666666666666666666664;0;0;;;;;
21073497;291;20250805014653;Frei;Khan, Abdul Aalla;3000;0;;;3000;1471331;10120154;59.69999999999999999999999999999999999996;0;0;;;;;
21073496;290;20250805004051;Frei;Khan, Abdul Aalla;3000;0;;;3000;1471331;10120154;13.5;0;0;;;;;
21073495;289;20250805002700;Frei;Khan, Abdul Aalla;3000;0;;;3000;1471331;10120154;46.01666666666666666666666666666666666664;0;0;;;;;
21073494;288;20250804234107;Frei;Khan, Abdul Aalla;3000;0;;;3000;1471331;10120154;22.99999999999999999999999999999999999997;0;0;;;;;
21073493;287;20250804231821;Frei;Khan, Abdul Aalla;3000;0;;;3000;1471331;10120154;27.56666666666666666666666666666666666664;4.13333333333333333333333333333333333333;4.15;;;;;
21073492;286;20250804224054;Frei;Khan, Abdul Aalla;3000;0;;;3000;1471331;10120154;21.01666666666666666666666666666666666668;0;0;;;;;
21073491;285;20250804215356;Frei;Kowalczyk, Kamil;3000;0;;;3000;1471331;10120154;24.00000000000000000000000000000000000005;0;0;;;;;
;;20250804212949;Frei;Kowalczyk, Kamil;0;2290;d68;Maschine - Sammelbehälter;2290;1471331;10120154;46.15000000000000000000000000000000000003;0;0;;;;;
21073490;284;20250804200954;Frei;LK45;3000;0;;;3000;1471331;10120154;17.00000000000000000000000000000000000006;0;0;;;;;
21073489;283;20250804195229;Frei;LK45;3000;0;;;3000;1471331;10120154;24.99999999999999999999999999999999999998;0;0;;;;;
21073488;282;20250804192749;Frei;Kowalczyk, Kamil;3000;0;;;3000;1471331;10120154;20.00000000000000000000000000000000000002;0;0;;;;;
21073487;281;20250804190746;Frei;Kowalczyk, Kamil;3000;0;;;3000;1471331;10120154;0;0;0;;;;;
21073486;280;20250804190738;Frei;Kowalczyk, Kamil;3000;0;;;3000;1471331;10120154;0;0;0;;;;;
21073485;279;20250804190733;Frei;Kowalczyk, Kamil;3000;0;;;3000;1471331;10120154;2.5;0;0;;;;;
21073484;278;20250804190515;Frei;Kowalczyk, Kamil;3000;0;;;3000;1471331;10120154;47.49999999999999999999999999999999999998;0;0;;;;;
;;20250804181748;Frei;Kowalczyk, Kamil;0;4200;a25;Videokontrolle fehlt/defekt;4200;1471331;10120154;7;0;0;;;;;
21073483;277;20250804181034;Frei;Kowalczyk, Kamil;3000;0;;;3000;1471331;10120154;20.49999999999999999999999999999999999998;0;0;;;;;
21073482;276;20250804175018;Frei;LK45;3000;0;;;3000;1471331;10120154;69.9999999999999999999999999999999999999;0;0;;;;;
21073481;275;20250804164011;Frei;Kowalczyk, Kamil;3000;0;;;3000;1471331;10120154;0;0;0;;;;;
21073480;274;20250804164006;Frei;Kowalczyk, Kamil;3000;0;;;3000;1471331;10120154;0;0;0;;;;;
21073479;273;20250804164001;Frei;Kowalczyk, Kamil;3000;0;;;3000;1471331;10120154;69.9999999999999999999999999999999999999;0;0;;;;;
21073478;272;20250804153008;Frei;Kowalczyk, Kamil;3000;0;;;3000;1471331;10120154;11.5;0;0;;;;;
21073477;271;20250804151830;Frei;Kowalczyk, Kamil;3000;0;;;3000;1471331;10120154;40.29999999999999999999999999999999999998;4.18333333333333333333333333333333333333;0;;;;;
21073476;270;20250804143414;Frei;Kowalczyk, Kamil;3000;0;;;3000;1471331;10120154;27.99999999999999999999999999999999999994;0;0;;;;;
;;20250804140201;Frei;Khan, Kamran;0;5338;a25;Videokontrolle fehlt/defekt;5338;1471331;10120154;2;0;0;;;;;
21073475;269;20250804140010;Frei;Khan, Kamran;3000;0;;;3000;1471331;10120154;6.5;0;0;;;;;
21073474;268;20250804135331;Frei;Khan, Kamran;3000;0;;;3000;1471331;10120154;40.7;0;0;;;;;
21073473;267;20250804130741;Frei;Khan, Kamran;3000;0;;;3000;1471331;10120154;20.00000000000000000000000000000000000002;0;0;;;;;
21073472;266;20250804124738;Frei;Khan, Kamran;3000;0;;;3000;1471331;10120154;3;0;0;;;;;
21073471;265;20250804124453;Frei;Khan, Kamran;3000;0;;;3000;1471331;10120154;63.9999999999999999999999999999999999999;0;0;;;;;
21073470;264;20250804114056;Frei;Khan, Kamran;3000;0;;;3000;1471331;10120154;14;0;0;;;;;
21073469;263;20250804112632;Frei;Khan, Kamran;3000;0;;;3000;1471331;10120154;.4999999999999999999999999999999999999997;0;0;;;;;
21073468;262;20250804112623;Frei;Khan, Kamran;3000;0;;;3000;1471331;10120154;53.49999999999999999999999999999999999989;0;0;;;;;
21073467;261;20250804103229;Frei;Khan, Kamran;3000;0;;;3000;1471331;10120154;3.5;0;0;;;;;
21073466;260;20250804102926;Frei;Khan, Kamran;3000;0;;;3000;1471331;10120154;63.4999999999999999999999999999999999999;0;0;;;;;
21073465;259;20250804092554;Frei;Khan, Kamran;3000;0;;;3000;1471331;10120154;6.96666666666666666666666666666666666667;0;0;;;;;
21073464;258;20250804091328;Frei;Khan, Kamran;3000;0;;;3000;1471331;10120154;51.50000000000000000000000000000000000001;0;0;;;;;
21073463;257;20250804082146;Frei;Khan, Kamran;3000;0;;;3000;1471331;10120154;33.08333333333333333333333333333333333336;0;0;;;;;
21073462;256;20250803050130;Frei;Kowalczyk, Kamil;3000;0;;;3000;1471331;10120154;46.4999999999999999999999999999999999999;.4999999999999999999999999999999999999997;0;;;;;
21073461;255;20250803041438;Frei;Jaffaf, Majed;3000;0;;;3000;1471331;10120154;24.00000000000000000000000000000000000005;0;0;;;;;
21073460;254;20250803035054;Frei;Jaffaf, Majed;3000;0;;;3000;1471331;10120154;26.78333333333333333333333333333333333328;0;0;;;;;
21073459;253;20250803032351;Frei;Kowalczyk, Kamil;3000;0;;;3000;1471331;10120154;12;0;0;;;;;
;;20250803030638;Frei;Kowalczyk, Kamil;0;4877;d68;Maschine - Sammelbehälter;4877;1471331;10120154;3.75;0;0;;;;;
21073458;252;20250803030236;Frei;Kowalczyk, Kamil;3000;0;;;3000;1471331;10120154;29.00000000000000000000000000000000000002;0;0;;;;;
21073457;251;20250803023320;Frei;Kowalczyk, Kamil;3000;0;;;3000;1471331;10120154;24.50000000000000000000000000000000000002;0;0;;;;;
21073456;250;20250803020833;Frei;Jaffaf, Majed;3000;0;;;3000;1471331;10120154;22.5;0;0;;;;;
21073455;249;20250803014619;Frei;Jaffaf, Majed;3000;0;;;3000;1471331;10120154;50.5;0;0;;;;;
21073454;248;20250803005518;Frei;Kowalczyk, Kamil;3000;0;;;3000;1471331;10120154;0;0;0;;;;;
21073453;247;20250803005511;Frei;Kowalczyk, Kamil;3000;0;;;3000;1471331;10120154;28.50000000000000000000000000000000000005;0;0;;;;;
21073452;246;20250803002651;Frei;Jaffaf, Majed;3000;0;;;3000;1471331;10120154;20.00000000000000000000000000000000000002;0;0;;;;;
21073451;245;20250803000648;Frei;Jaffaf, Majed;3000;0;;;3000;1471331;10120154;33.50000000000000000000000000000000000001;0;0;;;;;
21073450;244;20250802233320;Frei;Jaffaf, Majed;3000;0;;;3000;1471331;10120154;72.4999999999999999999999999999999999999;0;0;;;;;
21073449;243;20250802222032;Frei;Kowalczyk, Kamil;3000;0;;;3000;1471331;10120154;.4999999999999999999999999999999999999997;0;0;;;;;
21073448;242;20250802222027;Frei;Kowalczyk, Kamil;3000;0;;;3000;1471331;10120154;26.58333333333333333333333333333333333332;0;114.083333333333333333333333333333333333;;;;;
21073447;241;20250802054558;Frei;Kowalczyk, Kamil;3000;0;;;3000;1471331;10120154;22.99999999999999999999999999999999999997;0;0;;;;;
;;20250802052250;Frei;Kowalczyk, Kamil;0;5620;d68;Maschine - Sammelbehälter;5620;1471331;10120154;1.43333333333333333333333333333333333334;0;0;;;;;
21073446;240;20250802052031;Frei;Kowalczyk, Kamil;3000;0;;;3000;1471331;10120154;.4999999999999999999999999999999999999997;0;0;;;;;
21073445;239;20250802052026;Frei;Kowalczyk, Kamil;3000;0;;;3000;1471331;10120154;66.91666666666666666666666666666666666667;13.95;0;;;;;
21073444;238;20250802035421;Frei;Kowalczyk, Kamil;3000;0;;;3000;1471331;10120154;0;0;0;;;;;
21073442;236;20250802035415;Frei;Kowalczyk, Kamil;3000;0;;;3000;1471331;10120154;0;0;0;;;;;
21073443;237;20250802035406;Frei;Kowalczyk, Kamil;3000;0;;;3000;1471331;10120154;97.99999999999999999999999999999999999985;0;0;;;;;
21073441;235;20250802021624;Frei;Kowalczyk, Kamil;3000;0;;;3000;1471331;10120154;0;0;0;;;;;
21073440;234;20250802021618;Frei;Kowalczyk, Kamil;3000;0;;;3000;1471331;10120154;0;0;0;;;;;
21073439;233;20250802021613;Frei;Kowalczyk, Kamil;3000;0;;;3000;1471331;10120154;0;0;0;;;;;
21073438;232;20250802021608;Frei;Kowalczyk, Kamil;3000;0;;;3000;1471331;10120154;69.9999999999999999999999999999999999999;0;0;;;;;
21073437;231;20250802010603;Frei;Kowalczyk, Kamil;3000;0;;;3000;1471331;10120154;50.35000000000000000000000000000000000009;0;0;;;;;
21073436;230;20250802000015;Frei;Kowalczyk, Kamil;3000;0;;;3000;1471331;10120154;2.51666666666666666666666666666666666666;0;0;;;;;
21073435;229;20250801235743;Frei;Kowalczyk, Kamil;3000;0;;;3000;1471331;10120154;0;0;0;;;;;
21073434;228;20250801235736;Frei;Kowalczyk, Kamil;3000;0;;;3000;1471331;10120154;86.49999999999999999999999999999999999993;0;0;;;;;
21073433;227;20250801223113;Frei;Kowalczyk, Kamil;3000;0;;;3000;1471331;10120154;0;0;0;;;;;
21073432;226;20250801223109;Frei;Kowalczyk, Kamil;3000;0;;;3000;1471331;10120154;0;0;0;;;;;
21073431;225;20250801223104;Frei;Kowalczyk, Kamil;3000;0;;;3000;1471331;10120154;47.00000000000000000000000000000000000009;0;0;;;;;
;;20250801214406;Frei;Khan, Kamran;0;372;a25;Videokontrolle fehlt/defekt;372;1471331;10120154;.4999999999999999999999999999999999999997;0;0;;;;;
;;20250801214346;Frei;Khan, Kamran;0;4681;a25;Videokontrolle fehlt/defekt;4681;1471331;10120154;5.5;0;0;;;;;
21073430;224;20250801213828;Frei;Khan, Kamran;3000;0;;;3000;1471331;10120154;32.04999999999999999999999999999999999995;0;0;;;;;
21073429;223;20250801205856;Frei;Khan, Kamran;3000;0;;;3000;1471331;10120154;16.35;2.65;0;;;;;
21073428;222;20250801203958;Frei;Khan, Kamran;3000;0;;;3000;1471331;10120154;43.93333333333333333333333333333333333339;0;8.6;;;;;
21073427;221;20250801192504;Frei;Khan, Kamran;3000;0;;;3000;1471331;10120154;12.16666666666666666666666666666666666667;0;0;;;;;
21073426;220;20250801190855;Frei;Khan, Kamran;3000;0;;;3000;1471331;10120154;22.00000000000000000000000000000000000003;0;0;;;;;
21073425;219;20250801184637;Frei;Khan, Kamran;3000;0;;;3000;1471331;10120154;39.99999999999999999999999999999999999995;0;0;;;;;
21073424;218;20250801180657;Frei;Khan, Kamran;3000;0;;;3000;1471331;10120154;8.5;0;0;;;;;
21073423;217;20250801175824;Frei;Sainenco, Larisa;3000;0;;;3000;1471331;10120154;74.43333333333333333333333333333333333331;0;0;;;;;
21073422;216;20250801162933;Frei;Khan, Kamran;3000;0;;;3000;1471331;10120154;.4999999999999999999999999999999999999997;0;0;;;;;
21073421;215;20250801162927;Frei;Khan, Kamran;3000;0;;;3000;1471331;10120154;1;0;0;;;;;
21073420;214;20250801162827;Frei;Khan, Kamran;3000;0;;;3000;1471331;10120154;22.99999999999999999999999999999999999997;0;0;;;;;
21073419;213;20250801160523;Frei;Khan, Kamran;3000;0;;;3000;1471331;10120154;38.49999999999999999999999999999999999995;0;0;;;;;
21073418;212;20250801152633;Frei;Khan, Kamran;3000;0;;;3000;1471331;10120154;17.55;0;0;;;;;
21073417;211;20250801150030;Frei;Khan, Kamran;3000;0;;;3000;1471331;10120154;27.99999999999999999999999999999999999994;0;0;;;;;
21073416;210;20250801143244;Frei;Khan, Kamran;3000;0;;;3000;1471331;10120154;13.5;0;0;;;;;
21073415;209;20250801141916;Frei;Khan, Kamran;3000;0;;;3000;1471331;10120154;35.49999999999999999999999999999999999995;0;0;;;;;
;;20250801134358;Frei;Khan, Abdul Aalla;0;1307;d68;Maschine - Sammelbehälter;1307;1471331;10120154;6.36666666666666666666666666666666666667;0;0;;;;;
21073414;208;20250801133717;Frei;Khan, Abdul Aalla;3000;0;;;3000;1471331;10120154;32.13333333333333333333333333333333333328;0;0;;;;;
21073413;207;20250801130507;Frei;Khan, Abdul Aalla;3000;0;;;3000;1471331;10120154;20.36666666666666666666666666666666666664;0;0;;;;;
21073412;206;20250801124451;Frei;Khan, Abdul Aalla;3000;0;;;3000;1471331;10120154;21.50000000000000000000000000000000000006;9.63333333333333333333333333333333333334;0;;;;;
21073411;205;20250801121344;Frei;Khan, Abdul Aalla;3000;0;;;3000;1471331;10120154;.4999999999999999999999999999999999999997;0;0;;;;;
;;20250801121329;Frei;Khan, Abdul Aalla;0;4725;d68;Maschine - Sammelbehälter;4725;1471331;10120154;4.5;0;0;;;;;
21073410;204;20250801120829;Frei;Khan, Abdul Aalla;3000;0;;;3000;1471331;10120154;27.49999999999999999999999999999999999997;0;0;;;;;
21073409;203;20250801112112;Frei;Khan, Abdul Aalla;3000;0;;;3000;1471331;10120154;0;0;0;;;;;
21073408;202;20250801111911;Frei;Khan, Abdul Aalla;3000;0;;;3000;1471331;10120154;.4999999999999999999999999999999999999997;0;0;;;;;
21073407;201;20250801110120;Frei;Khan, Abdul Aalla;3000;0;;;3000;1471331;10120154;0;0;0;;;;;
21073406;200;20250801105824;Frei;Khan, Abdul Aalla;3000;0;;;3000;1471331;10120154;87.96666666666666666666666666666666666662;0;.166666666666666666666666666666666666667;;;;;
21073405;199;20250801091700;Frei;Khan, Abdul Aalla;3000;0;;;3000;1471331;10120154;6.5;0;0;;;;;
21073404;198;20250801091051;Frei;Khan, Abdul Aalla;3000;0;;;3000;1471331;10120154;60.4999999999999999999999999999999999999;0;0;;;;;
21073403;197;20250801081021;Frei;Khan, Abdul Aalla;3000;0;;;3000;1471331;10120154;14.49999999999999999999999999999999999994;0;0;;;;;
21073402;196;20250801075542;Frei;Khan, Abdul Aalla;3000;0;;;3000;1471331;10120154;42.99999999999999999999999999999999999995;0;0;;;;;
21073401;195;20250801071237;Frei;Khan, Abdul Aalla;3000;0;;;3000;1471331;10120154;30.90000000000000000000000000000000000002;0;0;;;;;
21073400;194;20250801063850;Frei;Khan, Abdul Aalla;3000;0;;;3000;1471331;10120154;12;0;0;;;;;
21073399;193;20250801062651;Frei;Khan, Abdul Aalla;3000;0;;;3000;1471331;10120154;46.4999999999999999999999999999999999999;0;0;;;;;
;;20250801054017;Frei;Kowalczyk, Kamil;0;1899;d68;Maschine - Sammelbehälter;1899;1471331;10120154;25.16666666666666666666666666666666666671;0;0;;;;;
;;20250801051430;Frei;Kowalczyk, Kamil;0;4925;d68;Maschine - Sammelbehälter;4925;1471331;10120154;4;0;0;;;;;
21073398;192;20250801051032;Frei;Kowalczyk, Kamil;3000;0;;;3000;1471331;10120154;.4999999999999999999999999999999999999997;0;0;;;;;
21073397;191;20250801051028;Frei;Kowalczyk, Kamil;3000;0;;;3000;1471331;10120154;38.2;5.65;0;;;;;
21073396;190;20250801042608;Frei;Kowalczyk, Kamil;3000;0;;;3000;1471331;10120154;0;4.18333333333333333333333333333333333333;0;;;;;
21073395;189;20250801042157;Frei;Kowalczyk, Kamil;3000;0;;;3000;1471331;10120154;124.233333333333333333333333333333333333;.4666666666666666666666666666666666666666;0;;;;;
21073394;188;20250801021156;Frei;Kowalczyk, Kamil;3000;0;;;3000;1471331;10120154;0;0;0;;;;;
21073393;187;20250801021151;Frei;Kowalczyk, Kamil;3000;0;;;3000;1471331;10120154;0;0;0;;;;;
21073392;186;20250801021146;Frei;Kowalczyk, Kamil;3000;0;;;3000;1471331;10120154;58.5;0;0;;;;;
21073391;185;20250801011326;Frei;Kowalczyk, Kamil;3000;0;;;3000;1471331;10120154;0;0;0;;;;;
21073390;184;20250801011321;Frei;Kowalczyk, Kamil;3000;0;;;3000;1471331;10120154;0;0;0;;;;;
21073389;183;20250801011316;Frei;Kowalczyk, Kamil;3000;0;;;3000;1471331;10120154;39.99999999999999999999999999999999999995;0;0;;;;;
21073388;182;20250801003320;Frei;Kowalczyk, Kamil;3000;0;;;3000;1471331;10120154;0;0;0;;;;;
21073387;181;20250801003315;Frei;Kowalczyk, Kamil;3000;0;;;3000;1471331;10120154;0;0;0;;;;;
21073386;180;20250801003310;Frei;Kowalczyk, Kamil;3000;0;;;3000;1471331;10120154;51.06666666666666666666666666666666666664;0;0;;;;;
21073385;179;20250731233014;Frei;Kowalczyk, Kamil;3000;0;;;3000;1471331;10120154;0;0;0;;;;;
21073384;178;20250731233007;Frei;Kowalczyk, Kamil;3000;0;;;3000;1471331;10120154;22.99999999999999999999999999999999999997;0;0;;;;;
21073383;177;20250731230703;Frei;Kowalczyk, Kamil;3000;0;;;3000;1471331;10120154;41.49999999999999999999999999999999999995;0;0;;;;;
21073382;176;20250731222544;Frei;Kowalczyk, Kamil;3000;0;;;3000;1471331;10120154;36.49999999999999999999999999999999999995;0;0;;;;;
;;20250731214925;Frei;Khan, Kamran;0;340;a25;Videokontrolle fehlt/defekt;340;1471331;10120154;0;0;0;;;;;
;;20250731214859;Frei;Khan, Kamran;0;5316;a25;Videokontrolle fehlt/defekt;5316;1471331;10120154;.4999999999999999999999999999999999999997;0;0;;;;;
21073381;175;20250731214848;Frei;Khan, Kamran;3000;0;;;3000;1471331;10120154;12.5;0;0;;;;;
21073380;174;20250731213620;Frei;Khan, Kamran;3000;0;;;3000;1471331;10120154;41.29999999999999999999999999999999999994;0;0;;;;;
21073379;173;20250731204511;Frei;Khan, Kamran;3000;0;;;3000;1471331;10120154;0;0;0;;;;;
21073378;172;20250731204500;Frei;Khan, Kamran;3000;0;;;3000;1471331;10120154;45.49999999999999999999999999999999999997;0;0;;;;;
21073377;171;20250731195957;Frei;LK3;3000;0;;;3000;1471331;10120154;20.49999999999999999999999999999999999998;0;0;;;;;
21073376;170;20250731193903;Frei;Khan, Kamran;3000;0;;;3000;1471331;10120154;21.28333333333333333333333333333333333334;0;0;;;;;
21073375;169;20250731191030;Frei;Khan, Kamran;3000;0;;;3000;1471331;10120154;61.9999999999999999999999999999999999999;0;0;;;;;
21073374;168;20250731180833;Frei;Khan, Kamran;3000;0;;;3000;1471331;10120154;.4999999999999999999999999999999999999997;0;0;;;;;
21073373;167;20250731180825;Frei;Khan, Kamran;3000;0;;;3000;1471331;10120154;18;0;0;;;;;
21073372;166;20250731175019;Frei;Sainenco, Larisa;3000;0;;;3000;1471331;10120154;32.49999999999999999999999999999999999995;0;0;;;;;
21073371;165;20250731171750;Frei;Khan, Kamran;3000;0;;;3000;1471331;10120154;28.13333333333333333333333333333333333334;0;0;;;;;
21073370;164;20250731164247;Frei;Khan, Kamran;3000;0;;;3000;1471331;10120154;0;0;0;;;;;
21073369;163;20250731164233;Frei;Khan, Kamran;3000;0;;;3000;1471331;10120154;89.04999999999999999999999999999999999988;0;0;;;;;
21073368;162;20250731150744;Frei;Khan, Kamran;3000;0;;;3000;1471331;10120154;27.49999999999999999999999999999999999997;0;0;;;;;
21073367;161;20250731144026;Frei;LK3;3000;0;;;3000;1471331;10120154;15.00000000000000000000000000000000000005;0;0;;;;;
21073366;160;20250731142506;Frei;Khan, Kamran;3000;0;;;3000;1471331;10120154;3;0;0;;;;;
21073365;159;20250731142159;Frei;Khan, Kamran;3000;0;;;3000;1471331;10120154;33.49999999999999999999999999999999999995;0;0;;;;;
;;20250731134858;Frei;Khan, Abdul Aalla;0;2057;d68;Maschine - Sammelbehälter;2057;1471331;10120154;5.5;0;0;;;;;
21073364;158;20250731134304;Frei;Khan, Abdul Aalla;3000;0;;;3000;1471331;10120154;19.76666666666666666666666666666666666667;0;0;;;;;
21073363;157;20250731131930;Frei;Khan, Abdul Aalla;3000;0;;;3000;1471331;10120154;18.88333333333333333333333333333333333333;24.11666666666666666666666666666666666669;0;;;;;
21073362;156;20250731123630;Frei;Khan, Abdul Aalla;3000;0;;;3000;1471331;10120154;20.49999999999999999999999999999999999998;0;0;;;;;
;;20250731121611;Frei;Khan, Abdul Aalla;0;4318;a25;Videokontrolle fehlt/defekt;4318;1471331;10120154;.4999999999999999999999999999999999999997;0;0;;;;;
21073361;155;20250731121545;Frei;Khan, Abdul Aalla;3000;0;;;3000;1471331;10120154;25;0;0;;;;;
21073360;154;20250731115035;Frei;Khan, Abdul Aalla;3000;0;;;3000;1471331;10120154;37.64999999999999999999999999999999999996;0;0;;;;;
21073359;153;20250731110005;Frei;Khan, Abdul Aalla;3000;0;;;3000;1471331;10120154;9.5;0;0;;;;;
21073358;152;20250731105053;Frei;Khan, Abdul Aalla;3000;0;;;3000;1471331;10120154;29.49999999999999999999999999999999999998;0;0;;;;;
21073357;151;20250731102128;Frei;Khan, Abdul Aalla;3000;0;;;3000;1471331;10120154;49.99999999999999999999999999999999999997;0;0;;;;;
21073356;150;20250731093105;Frei;Khan, Abdul Aalla;3000;0;;;3000;1471331;10120154;.4999999999999999999999999999999999999997;0;0;;;;;
21073355;149;20250731093059;Frei;Khan, Abdul Aalla;3000;0;;;3000;1471331;10120154;38.99999999999999999999999999999999999995;0;0;;;;;
21073354;148;20250731085159;Frei;Khan, Abdul Aalla;3000;0;;;3000;1471331;10120154;39.49999999999999999999999999999999999995;0;0;;;;;
21073353;147;20250731081204;Frei;Khan, Abdul Aalla;3000;0;;;3000;1471331;10120154;3;0;0;;;;;
21073352;146;20250731080913;Frei;Khan, Abdul Aalla;3000;0;;;3000;1471331;10120154;47.00000000000000000000000000000000000001;0;0;;;;;
21073351;145;20250731072228;Frei;Khan, Abdul Aalla;3000;0;;;3000;1471331;10120154;36.99999999999999999999999999999999999995;0;0;;;;;
21073350;144;20250731064527;Frei;Khan, Abdul Aalla;3000;0;;;3000;1471331;10120154;0;0;0;;;;;
21073349;143;20250731064509;Frei;Khan, Abdul Aalla;3000;0;;;3000;1471331;10120154;24.51666666666666666666666666666666666673;0;0;;;;;
21073348;142;20250731061446;Frei;Khan, Abdul Aalla;3000;0;;;3000;1471331;10120154;40.49999999999999999999999999999999999995;0;0;;;;;
;;20250731053416;Frei;Kowalczyk, Kamil;0;1950;d68;Maschine - Sammelbehälter;1950;1471331;10120154;16.40000000000000000000000000000000000002;0;0;;;;;
21073347;141;20250731051748;Frei;Kowalczyk, Kamil;3000;0;;;3000;1471331;10120154;4;13.6;0;;;;;
21073346;140;20250731050014;Frei;Kowalczyk, Kamil;3000;0;;;3000;1471331;10120154;39.11666666666666666666666666666666666662;0;0;;;;;
21073345;139;20250731042031;Frei;Kowalczyk, Kamil;3000;0;;;3000;1471331;10120154;.4999999999999999999999999999999999999997;0;0;;;;;
21073344;138;20250731042024;Frei;Kowalczyk, Kamil;3000;0;;;3000;1471331;10120154;56.00000000000000000000000000000000000001;0;0;;;;;
;;20250731032415;Frei;Kowalczyk, Kamil;0;4750;d68;Maschine - Sammelbehälter;4750;1471331;10120154;7.5;0;0;;;;;
21073343;137;20250731031646;Frei;Kowalczyk, Kamil;3000;0;;;3000;1471331;10120154;0;0;0;;;;;
21073342;136;20250731031639;Frei;Kowalczyk, Kamil;3000;0;;;3000;1471331;10120154;44.61666666666666666666666666666666666667;0;0;;;;;
21073341;135;20250731022247;Frei;Kowalczyk, Kamil;3000;0;;;3000;1471331;10120154;0;0;0;;;;;
21073340;134;20250731022241;Frei;Kowalczyk, Kamil;3000;0;;;3000;1471331;10120154;0;0;0;;;;;
21073339;133;20250731022234;Frei;Kowalczyk, Kamil;3000;0;;;3000;1471331;10120154;83.49999999999999999999999999999999999984;0;0;;;;;
21073338;132;20250731005925;Frei;Kowalczyk, Kamil;3000;0;;;3000;1471331;10120154;0;0;0;;;;;
21073337;131;20250731005919;Frei;Kowalczyk, Kamil;3000;0;;;3000;1471331;10120154;15.50000000000000000000000000000000000002;0;0;;;;;
21073336;130;20250731004351;Frei;Kowalczyk, Kamil;3000;0;;;3000;1471331;10120154;25.49999999999999999999999999999999999995;0;0;;;;;
21073335;129;20250731001801;Frei;Kowalczyk, Kamil;3000;0;;;3000;1471331;10120154;.4999999999999999999999999999999999999997;0;0;;;;;
21073334;128;20250731001754;Frei;Kowalczyk, Kamil;3000;0;;;3000;1471331;10120154;66.28333333333333333333333333333333333337;0;0;;;;;
21073333;127;20250730230539;Frei;Kowalczyk, Kamil;3000;0;;;3000;1471331;10120154;20.56666666666666666666666666666666666674;0;.4333333333333333333333333333333333333334;;;;;
21073332;126;20250730224435;Frei;Jaffaf, Majed;3000;0;;;3000;1471331;10120154;15.50000000000000000000000000000000000002;0;0;;;;;
21073331;125;20250730222909;Frei;Jaffaf, Majed;3000;0;;;3000;1471331;10120154;34.99999999999999999999999999999999999995;0;0;;;;;
21073330;124;20250730215403;Frei;Khan, Kamran;3000;0;;;3000;1471331;10120154;2.81666666666666666666666666666666666667;5.26666666666666666666666666666666666667;0;;;;;
;;20250730214554;Frei;Khan, Kamran;0;367;a25;Videokontrolle fehlt/defekt;367;1471331;10120154;0;.4666666666666666666666666666666666666666;0;;;;;
;;20250730214526;Frei;Khan, Kamran;0;5163;a25;Videokontrolle fehlt/defekt;5163;1471331;10120154;28.33333333333333333333333333333333333333;15.95000000000000000000000000000000000002;0;;;;;
21073329;123;20250730205429;Frei;Khan, Kamran;3000;0;;;3000;1471331;10120154;17.50000000000000000000000000000000000003;0;0;;;;;
21073328;122;20250730203634;Frei;Khan, Kamran;3000;0;;;3000;1471331;10120154;29.48333333333333333333333333333333333336;0;2.88333333333333333333333333333333333334;;;;;
21073327;121;20250730194206;Frei;LK3;3000;0;;;3000;1471331;10120154;18.85000000000000000000000000000000000003;0;0;;;;;
21073326;120;20250730190248;Frei;Khan, Kamran;3000;0;;;3000;1471331;10120154;0;0;0;;;;;
21073325;119;20250730190242;Frei;Khan, Kamran;3000;0;;;3000;1471331;10120154;48.49999999999999999999999999999999999992;0;0;;;;;
21073324;118;20250730181423;Frei;Khan, Kamran;3000;0;;;3000;1471331;10120154;0;0;0;;;;;
21073323;117;20250730181417;Frei;Khan, Kamran;3000;0;;;3000;1471331;10120154;52.49999999999999999999999999999999999995;0;0;;;;;
21073322;116;20250730172137;Frei;Khan, Kamran;3000;0;;;3000;1471331;10120154;9.21666666666666666666666666666666666667;0;20.11666666666666666666666666666666666666;;;;;
21073321;115;20250730164453;Frei;Khan, Kamran;3000;0;;;3000;1471331;10120154;18.93333333333333333333333333333333333333;0;4.85;;;;;
21073320;114;20250730161910;Frei;Khan, Kamran;3000;0;;;3000;1471331;10120154;18.49999999999999999999999999999999999997;0;0;;;;;
21073319;113;20250730160035;Frei;Kraus, Siegfried;3000;0;;;3000;1471331;10120154;38.49999999999999999999999999999999999995;0;0;;;;;
21073318;112;20250730152206;Frei;Kraus, Siegfried;3000;0;;;3000;1471331;10120154;28.35000000000000000000000000000000000002;0;0;;;;;
21073317;111;20250730144815;Frei;Kraus, Siegfried;3000;0;;;3000;1471331;10120154;35.49999999999999999999999999999999999995;0;0;;;;;
21073316;110;20250730141249;Frei;Kraus, Siegfried;3000;0;;;3000;1471331;10120154;18;0;0;;;;;
;;20250730135436;Frei;Khan, Abdul Aalla;0;997;a25;Videokontrolle fehlt/defekt;997;1471331;10120154;5;0;0;;;;;
21073315;109;20250730134949;Frei;Khan, Abdul Aalla;3000;0;;;3000;1471331;10120154;12;0;0;;;;;
21073314;108;20250730133736;Frei;Khan, Abdul Aalla;3000;0;;;3000;1471331;10120154;33.01666666666666666666666666666666666665;3.6;0;;;;;
21073313;107;20250730125801;Frei;LK40;3000;0;;;3000;1471331;10120154;19.50000000000000000000000000000000000005;0;0;;;;;
21073312;106;20250730123842;Frei;Khan, Abdul Aalla;3000;0;;;3000;1471331;10120154;1.5;0;0;;;;;
21073311;105;20250730123706;Frei;Khan, Abdul Aalla;3000;0;;;3000;1471331;10120154;56.49999999999999999999999999999999999998;0;0;;;;;
21073310;104;20250730114029;Frei;Khan, Abdul Aalla;3000;0;;;3000;1471331;10120154;.4999999999999999999999999999999999999997;0;0;;;;;
21073309;103;20250730114003;Frei;Khan, Abdul Aalla;3000;0;;;3000;1471331;10120154;31.99999999999999999999999999999999999995;0;0;;;;;
21073308;102;20250730110827;Frei;LK40;3000;0;;;3000;1471331;10120154;50.49999999999999999999999999999999999993;0;0;;;;;
21073307;101;20250730101731;Frei;Khan, Abdul Aalla;3000;0;;;3000;1471331;10120154;26.21666666666666666666666666666666666667;0;0;;;;;
21073306;100;20250730095046;Frei;Khan, Abdul Aalla;3000;0;;;3000;1471331;10120154;23.31666666666666666666666666666666666669;0;0;;;;;
21073305;99;20250730091147;Frei;Khan, Abdul Aalla;3000;0;;;3000;1471331;10120154;21.50000000000000000000000000000000000006;0;0;;;;;
21073304;98;20250730085009;Frei;Khan, Abdul Aalla;3000;0;;;3000;1471331;10120154;13;0;0;;;;;
21073303;97;20250730083659;Frei;LK40;3000;0;;;3000;1471331;10120154;30.49999999999999999999999999999999999995;0;0;;;;;
21073302;96;20250730080629;Frei;Khan, Abdul Aalla;3000;0;;;3000;1471331;10120154;30.99999999999999999999999999999999999995;0;0;;;;;
21073301;95;20250730073541;Frei;Khan, Abdul Aalla;3000;0;;;3000;1471331;10120154;3.5;0;0;;;;;
21073300;94;20250730073221;Frei;Khan, Abdul Aalla;3000;0;;;3000;1471331;10120154;38.33333333333333333333333333333333333326;0;0;;;;;
21073299;93;20250730064705;Frei;Khan, Abdul Aalla;3000;0;;;3000;1471331;10120154;26.50000000000000000000000000000000000003;0;0;;;;;
21073298;92;20250730062032;Frei;Khan, Abdul Aalla;3000;0;;;3000;1471331;10120154;25.49999999999999999999999999999999999995;0;0;;;;;
21073297;91;20250730055507;Frei;Sefa Gök;3000;0;;;3000;1471331;10120154;26.24999999999999999999999999999999999998;6.75;0;;;;;
21073296;90;20250730052210;Frei;Sefa Gök;3000;0;;;3000;1471331;10120154;6.73333333333333333333333333333333333333;0;0;;;;;
;;20250730050141;Frei;Sefa Gök;0;908;;;908;1471331;10120154;16.66666666666666666666666666666666666661;0;.4000000000000000000000000000000000000003;;;;;
21073295;89;20250730042526;Frei;Jaffaf, Majed;3000;0;;;3000;1471331;10120154;10;0;0;;;;;
21073294;88;20250730041507;Frei;Sefa Gök;3000;0;;;3000;1471331;10120154;29.99999999999999999999999999999999999995;0;0;;;;;
21073293;87;20250730034509;Frei;Jaffaf, Majed;3000;0;;;3000;1471331;10120154;28.19999999999999999999999999999999999995;0;0;;;;;
21073292;86;20250730030504;Frei;Sefa Gök;3000;0;;;3000;1471331;10120154;14.49999999999999999999999999999999999994;0;0;;;;;
;;20250730025047;Frei;Sefa Gök;0;4466;a25;Videokontrolle fehlt/defekt;4466;1471331;10120154;8.5;0;0;;;;;
21073291;85;20250730024207;Frei;Sefa Gök;3000;0;;;3000;1471331;10120154;30.49999999999999999999999999999999999995;0;0;;;;;
21073290;84;20250730021150;Frei;Sefa Gök;3000;0;;;3000;1471331;10120154;33.49999999999999999999999999999999999995;0;0;;;;;
21073289;83;20250730013815;Frei;Jaffaf, Majed;3000;0;;;3000;1471331;10120154;17.00000000000000000000000000000000000006;0;0;;;;;
21073288;82;20250730012115;Frei;Sefa Gök;3000;0;;;3000;1471331;10120154;18.99999999999999999999999999999999999994;0;0;;;;;
21073287;81;20250730010209;Frei;Jaffaf, Majed;3000;0;;;3000;1471331;10120154;24.48333333333333333333333333333333333334;0;0;;;;;
21073286;80;20250730002001;Frei;Sefa Gök;3000;0;;;3000;1471331;10120154;15.50000000000000000000000000000000000002;0;0;;;;;
21073285;79;20250730000457;Frei;Sefa Gök;3000;0;;;3000;1471331;10120154;45.51666666666666666666666666666666666662;0;0;;;;;
21073284;78;20250729231902;Frei;Sefa Gök;3000;0;;;3000;1471331;10120154;26.00000000000000000000000000000000000006;0;0;;;;;
21073283;77;20250729225321;Frei;Sefa Gök;3000;0;;;3000;1471331;10120154;29.96666666666666666666666666666666666666;6.53333333333333333333333333333333333333;0;;;;;
21073282;76;20250729221643;Frei;Sefa Gök;3000;0;;;3000;1471331;10120154;38.99999999999999999999999999999999999995;0;0;;;;;
21073281;75;20250729213758;Frei;Kraus, Siegfried;3000;0;;;3000;1471331;10120154;18;0;0;;;;;
21073280;74;20250729211939;Frei;Kraus, Siegfried;3000;0;;;3000;1471331;10120154;22.71666666666666666666666666666666666672;0;0;;;;;
;;20250729205454;Frei;Kraus, Siegfried;0;2231;a25;Videokontrolle fehlt/defekt;2231;1471331;10120154;15.50000000000000000000000000000000000002;0;0;;;;;
21073279;73;20250729203609;Frei;Kraus, Siegfried;3000;0;;;3000;1471331;10120154;41.99999999999999999999999999999999999995;0;0;;;;;
21073278;72;20250729195423;Frei;Kraus, Siegfried;3000;0;;;3000;1471331;10120154;0;0;0;;;;;
21073277;71;20250729195418;Frei;Kraus, Siegfried;3000;0;;;3000;1471331;10120154;34.99999999999999999999999999999999999995;0;0;;;;;
21073276;70;20250729191921;Frei;Kraus, Siegfried;3000;0;;;3000;1471331;10120154;14.26666666666666666666666666666666666667;48.18333333333333333333333333333333333326;0;;;;;
21073275;69;20250729181632;Frei;Kraus, Siegfried;3000;0;;;3000;1471331;10120154;32.99999999999999999999999999999999999995;14.05;0;;;;;
21073274;68;20250729172958;Frei;Kraus, Siegfried;3000;0;;;3000;1471331;10120154;14.2;0;0;;;;;
;;20250729171311;Frei;Kraus, Siegfried;0;3586;a25;Videokontrolle fehlt/defekt;3586;1471331;10120154;6.5;0;0;;;;;
21073273;67;20250729165923;Frei;Kraus, Siegfried;3000;0;;;3000;1471331;10120154;29.49999999999999999999999999999999999998;0;0;;;;;
21073272;66;20250729162933;Frei;Kraus, Siegfried;3000;0;;;3000;1471331;10120154;.4999999999999999999999999999999999999997;0;0;;;;;
21073271;65;20250729162927;Frei;Kraus, Siegfried;3000;0;;;3000;1471331;10120154;51.50000000000000000000000000000000000001;0;0;;;;;
21073270;64;20250729153757;Frei;Kraus, Siegfried;3000;0;;;3000;1471331;10120154;0;0;0;;;;;
21073269;63;20250729153750;Frei;Kraus, Siegfried;3000;0;;;3000;1471331;10120154;35.35;0;0;;;;;
21073268;62;20250729145221;Frei;Kraus, Siegfried;3000;0;;;3000;1471331;10120154;29.00000000000000000000000000000000000002;0;0;;;;;
21073267;61;20250729142313;Frei;Kraus, Siegfried;3000;0;;;3000;1471331;10120154;45;6;0;;;;;
21073266;60;20250729133220;Frei;Gommlich, Kurt;3000;0;;;3000;1471331;10120154;27.99999999999999999999999999999999999994;0;0;;;;;
21073265;59;20250729130408;Frei;Gommlich, Kurt;3000;0;;;3000;1471331;10120154;1.5;0;0;;;;;
21073264;58;20250729130234;Frei;Gommlich, Kurt;3000;0;;;3000;1471331;10120154;5.5;0;0;;;;;
;;20250729125703;Frei;Gommlich, Kurt;0;1224;a25;Videokontrolle fehlt/defekt;1224;1471331;10120154;52.49999999999999999999999999999999999995;0;0;;;;;
21073263;57;20250729120457;Frei;Gommlich, Kurt;3000;0;;;3000;1471331;10120154;1;0;0;;;;;
21073262;56;20250729120332;Frei;Gommlich, Kurt;3000;0;;;3000;1471331;10120154;56.24999999999999999999999999999999999998;0;5.53333333333333333333333333333333333333;;;;;
21073261;55;20250729093437;Frei;LK39;3000;0;;;3000;1471331;10120154;24.99999999999999999999999999999999999998;0;0;;;;;
21073260;54;20250729090948;Frei;Gommlich, Kurt;3000;0;;;3000;1471331;10120154;.4999999999999999999999999999999999999997;0;0;;;;;
21073259;53;20250729090921;Frei;Gommlich, Kurt;3000;0;;;3000;1471331;10120154;47.00000000000000000000000000000000000001;0;0;;;;;
21073258;52;20250729082223;Frei;Gommlich, Kurt;3000;0;;;3000;1471331;10120154;1.5;0;0;;;;;
21073257;51;20250729082045;Frei;Gommlich, Kurt;3000;0;;;3000;1471331;10120154;53.38333333333333333333333333333333333325;0;0;;;;;
21073256;50;20250729072354;Frei;Gommlich, Kurt;3000;0;;;3000;1471331;10120154;.4999999999999999999999999999999999999997;0;0;;;;;
;;20250729071932;Frei;Gommlich, Kurt;0;1484;a25;Videokontrolle fehlt/defekt;1484;1471331;10120154;6.5;0;0;;;;;
21073255;49;20250729071303;Frei;Gommlich, Kurt;3000;0;;;3000;1471331;10120154;18.99999999999999999999999999999999999994;0;0;;;;;
21073254;48;20250729065401;Frei;Gommlich, Kurt;3000;0;;;3000;1471331;10120154;24.00000000000000000000000000000000000005;0;0;;;;;
21073253;47;20250729063015;Frei;Gommlich, Kurt;3000;0;;;3000;1471331;10120154;47.13333333333333333333333333333333333334;3.86666666666666666666666666666666666666;0;;;;;
21073252;46;20250729053922;Frei;Sefa Gök;3000;0;;;3000;1471331;10120154;18.49999999999999999999999999999999999997;0;0;;;;;
21073251;45;20250729052055;Frei;Sefa Gök;3000;0;;;3000;1471331;10120154;.4999999999999999999999999999999999999997;0;0;;;;;
21073250;44;20250729052025;Frei;Sefa Gök;3000;0;;;3000;1471331;10120154;1.5;0;0;;;;;
;;20250729051845;Frei;Jaffaf, Majed;0;1611;a25;Videokontrolle fehlt/defekt;1611;1471331;10120154;55.06666666666666666666666666666666666665;9.08333333333333333333333333333333333333;0;;;;;
21073249;43;20250729040351;Frei;Sefa Gök;3000;0;;;3000;1471331;10120154;18.99999999999999999999999999999999999994;0;0;;;;;
21073248;42;20250729034452;Frei;Sefa Gök;3000;0;;;3000;1471331;10120154;27.96666666666666666666666666666666666667;0;0;;;;;
21073247;41;20250729031641;Frei;Jaffaf, Majed;3000;0;;;3000;1471331;10120154;0;0;0;;;;;
21073246;40;20250729031637;Frei;Jaffaf, Majed;3000;0;;;3000;1471331;10120154;3.5;0;0;;;;;
;;20250729030317;Frei;Jaffaf, Majed;0;4543;a25;Videokontrolle fehlt/defekt;4543;1471331;10120154;47.99999999999999999999999999999999999995;0;0;;;;;
21073245;39;20250729021508;Frei;Jaffaf, Majed;3000;0;;;3000;1471331;10120154;27;0;0;;;;;
21073244;38;20250729014811;Frei;Jaffaf, Majed;3000;0;;;3000;1471331;10120154;0;0;0;;;;;
21073243;37;20250729014806;Frei;Jaffaf, Majed;3000;0;;;3000;1471331;10120154;49.91666666666666666666666666666666666672;0;0;;;;;
21073242;36;20250729004556;Frei;Sefa Gök;3000;0;;;3000;1471331;10120154;34.99999999999999999999999999999999999995;0;0;;;;;
21073241;35;20250729001057;Frei;Jaffaf, Majed;3000;0;;;3000;1471331;10120154;.4999999999999999999999999999999999999997;0;0;;;;;
21073240;34;20250729001006;Frei;Sefa Gök;3000;0;;;3000;1471331;10120154;8.5;0;0;;;;;
21073239;33;20250729000137;Frei;Jaffaf, Majed;3000;0;;;3000;1471331;10120154;44.01666666666666666666666666666666666667;0;0;;;;;
21073238;32;20250728231751;Frei;Jaffaf, Majed;3000;0;;;3000;1471331;10120154;24.99999999999999999999999999999999999998;0;0;;;;;
21073237;31;20250728225245;Frei;Jaffaf, Majed;3000;0;;;3000;1471331;10120154;49.35000000000000000000000000000000000004;7.15;0;;;;;
21073236;30;20250728215616;Frei;Kraus, Siegfried;3000;0;;;3000;1471331;10120154;17.00000000000000000000000000000000000006;0;0;;;;;
;;20250728213923;Frei;Kraus, Siegfried;0;3294;a25;Videokontrolle fehlt/defekt;3294;1471331;10120154;3.5;0;0;;;;;
21073235;29;20250728213535;Frei;Kraus, Siegfried;3000;0;;;3000;1471331;10120154;25.49999999999999999999999999999999999995;0;0;;;;;
21073234;28;20250728211015;Frei;Kraus, Siegfried;3000;0;;;3000;1471331;10120154;22.99999999999999999999999999999999999997;0;0;;;;;
21073233;27;20250728204708;Frei;Kraus, Siegfried;3000;0;;;3000;1471331;10120154;18.56666666666666666666666666666666666666;0;0;;;;;
21073232;26;20250728202026;Frei;Kraus, Siegfried;3000;0;;;3000;1471331;10120154;32.99999999999999999999999999999999999995;0;0;;;;;
21073231;25;20250728194723;Frei;LK14;3000;0;;;3000;1471331;10120154;37.99999999999999999999999999999999999995;0;0;;;;;
21073230;24;20250728190920;Frei;Kraus, Siegfried;3000;0;;;3000;1471331;10120154;0;0;0;;;;;
21073229;23;20250728190914;Frei;Kraus, Siegfried;3000;0;;;3000;1471331;10120154;26.00000000000000000000000000000000000006;0;0;;;;;
21073228;22;20250728184307;Frei;Kraus, Siegfried;3000;0;;;3000;1471331;10120154;13;0;0;;;;;
;;20250728183021;Frei;Kraus, Siegfried;0;4668;a25;Videokontrolle fehlt/defekt;4668;1471331;10120154;15.00000000000000000000000000000000000005;0;0;;;;;
21073227;21;20250728181512;Frei;Kraus, Siegfried;3000;0;;;3000;1471331;10120154;.4999999999999999999999999999999999999997;0;0;;;;;
21073226;20;20250728181453;Frei;Kraus, Siegfried;3000;0;;;3000;1471331;10120154;70.53333333333333333333333333333333333334;0;0;;;;;
21073225;19;20250728170326;Frei;Kraus, Siegfried;3000;0;;;3000;1471331;10120154;17.50000000000000000000000000000000000003;0;0;;;;;
21073224;18;20250728163803;Frei;Kraus, Siegfried;3000;0;;;3000;1471331;10120154;11;0;0;;;;;
21073223;17;20250728162710;Frei;Kraus, Siegfried;3000;0;;;3000;1471331;10120154;45.99999999999999999999999999999999999995;0;0;;;;;
21073222;16;20250728153838;Frei;Kraus, Siegfried;3000;0;;;3000;1471331;10120154;19.50000000000000000000000000000000000005;0;0;;;;;
21073221;15;20250728151916;Frei;Kraus, Siegfried;3000;0;;;3000;1471331;10120154;22.00000000000000000000000000000000000003;0;0;;;;;
21073220;14;20250728145705;Frei;Kraus, Siegfried;3000;0;;;3000;1471331;10120154;0;0;0;;;;;
21073219;13;20250728145659;Frei;Kraus, Siegfried;3000;0;;;3000;1471331;10120154;46.4999999999999999999999999999999999999;0;0;;;;;
21073218;12;20250728141041;Frei;Kraus, Siegfried;3000;0;;;3000;1471331;10120154;39.99999999999999999999999999999999999995;0;0;;;;;
21073217;11;20250728133044;Frei;Gommlich, Kurt;3000;0;;;3000;1471331;10120154;34.90000000000000000000000000000000000012;0;0;;;;;
21073216;10;20250728124352;Frei;Gommlich, Kurt;3000;0;;;3000;1471331;10120154;27;0;0;;;;;
21073215;9;20250728121643;Frei;LK31;3000;0;;;3000;1471331;10120154;16.15;0;5.85;;;;;
21073214;8;20250728115455;Frei;Gommlich, Kurt;3000;0;;;3000;1471331;10120154;39.76666666666666666666666666666666666676;0;0;;;;;
21073213;7;20250728110959;Frei;Gommlich, Kurt;3000;0;;;3000;1471331;10120154;17.50000000000000000000000000000000000003;0;0;;;;;
;;20250728105218;Frei;Gommlich, Kurt;0;2831;a25;Videokontrolle fehlt/defekt;2831;1471331;10120154;13;0;0;;;;;
21073212;6;20250728103917;Frei;LK31;3000;0;;;3000;1471331;10120154;29.00000000000000000000000000000000000002;0;0;;;;;
21073211;5;20250728101028;Frei;LK31;3000;0;;;3000;1471331;10120154;11;0;0;;;;;
21073210;4;20250728095920;Frei;Gommlich, Kurt;3000;0;;;3000;1471331;10120154;41.49999999999999999999999999999999999995;0;0;;;;;
21073209;3;20250728091734;Frei;Gommlich, Kurt;3000;0;;;3000;1471331;10120154;35.53333333333333333333333333333333333328;0;11.73333333333333333333333333333333333334;;;;;
21073208;2;20250728081112;Frei;LK31;3000;0;;;3000;1471331;10120154;20.49999999999999999999999999999999999998;0;0;;;;;
21073207;1;20250728075049;Frei;Gommlich, Kurt;3000;0;;;3000;1471331;10120154;15.00000000000000000000000000000000000005;0;0;;;;;
21073204;1;20250728073556;Frei;Siad Ahmed;10;0;;;10;1471331;10120154;10.76666666666666666666666666666666666667;0;0;;;;;
